#evla 40.8300 evlon 29.2500 hypodepth 14.000
#Total number of fault_segments=     1
#Fault_segment =   1 nx(Along-strike)=  38 Dx=  2.00km ny(downdip)=  10 Dy=  1.50km
#Boundary of Fault_segment     1
#Lon.  Lat.  Depth
       29.47200       40.83000        1.50000
       28.57600       40.83000        1.50000
       28.57600       40.83000       16.00000
       29.47200       40.83000       16.00000
       29.47200       40.83000        1.50000
#Lat. Lon. depth dist slip rake rupt_time rise fall       strike dip
      40.8300      29.4720       1.5000      22.4654       1.0000     180.0000       7.4885       1.5000       1.5000     270.0000      90.0000
      40.8300      29.4482       1.5000      20.8333       1.0000     180.0000       6.9444       1.5000       1.5000     270.0000      90.0000
      40.8300      29.4244       1.5000      19.2707       1.0000     180.0000       6.4236       1.5000       1.5000     270.0000      90.0000
      40.8300      29.4007       1.5000      17.7959       1.0000     180.0000       5.9320       1.5000       1.5000     270.0000      90.0000
      40.8300      29.3769       1.5000      16.4325       1.0000     180.0000       5.4775       1.5000       1.5000     270.0000      90.0000
      40.8300      29.3531       1.5000      15.2106       1.0000     180.0000       5.0702       1.5000       1.5000     270.0000      90.0000
      40.8300      29.3293       1.5000      14.1667       1.0000     180.0000       4.7222       1.5000       1.5000     270.0000      90.0000
      40.8300      29.3055       1.5000      13.3427       1.0000     180.0000       4.4476       1.5000       1.5000     270.0000      90.0000
      40.8300      29.2817       1.5000      12.7813       1.0000     180.0000       4.2604       1.5000       1.5000     270.0000      90.0000
      40.8300      29.2579       1.5000      12.5178       1.0000     180.0000       4.1726       1.5000       1.5000     270.0000      90.0000
      40.8300      29.2341       1.5000      12.5709       1.0000     180.0000       4.1903       1.5000       1.5000     270.0000      90.0000
      40.8300      29.2104       1.5000      12.9368       1.0000     180.0000       4.3123       1.5000       1.5000     270.0000      90.0000
      40.8300      29.1866       1.5000      13.5902       1.0000     180.0000       4.5301       1.5000       1.5000     270.0000      90.0000
      40.8300      29.1628       1.5000      14.4923       1.0000     180.0000       4.8308       1.5000       1.5000     270.0000      90.0000
      40.8300      29.1390       1.5000      15.6000       1.0000     180.0000       5.2000       1.5000       1.5000     270.0000      90.0000
      40.8300      29.1152       1.5000      16.8729       1.0000     180.0000       5.6243       1.5000       1.5000     270.0000      90.0000
      40.8300      29.0914       1.5000      18.2764       1.0000     180.0000       6.0921       1.5000       1.5000     270.0000      90.0000
      40.8300      29.0676       1.5000      19.7829       1.0000     180.0000       6.5943       1.5000       1.5000     270.0000      90.0000
      40.8300      29.0438       1.5000      21.3704       1.0000     180.0000       7.1235       1.5000       1.5000     270.0000      90.0000
      40.8300      29.0201       1.5000      23.0223       1.0000     180.0000       7.6741       1.5000       1.5000     270.0000      90.0000
      40.8300      28.9963       1.5000      24.7257       1.0000     180.0000       8.2419       1.5000       1.5000     270.0000      90.0000
      40.8300      28.9725       1.5000      26.4706       1.0000     180.0000       8.8235       1.5000       1.5000     270.0000      90.0000
      40.8300      28.9487       1.5000      28.2494       1.0000     180.0000       9.4165       1.5000       1.5000     270.0000      90.0000
      40.8300      28.9249       1.5000      30.0560       1.0000     180.0000      10.0187       1.5000       1.5000     270.0000      90.0000
      40.8300      28.9011       1.5000      31.8856       1.0000     180.0000      10.6285       1.5000       1.5000     270.0000      90.0000
      40.8300      28.8773       1.5000      33.7347       1.0000     180.0000      11.2449       1.5000       1.5000     270.0000      90.0000
      40.8300      28.8535       1.5000      35.6000       1.0000     180.0000      11.8667       1.5000       1.5000     270.0000      90.0000
      40.8300      28.8298       1.5000      37.4793       1.0000     180.0000      12.4931       1.5000       1.5000     270.0000      90.0000
      40.8300      28.8060       1.5000      39.3704       1.0000     180.0000      13.1235       1.5000       1.5000     270.0000      90.0000
      40.8300      28.7822       1.5000      41.2718       1.0000     180.0000      13.7573       1.5000       1.5000     270.0000      90.0000
      40.8300      28.7584       1.5000      43.1821       1.0000     180.0000      14.3940       1.5000       1.5000     270.0000      90.0000
      40.8300      28.7346       1.5000      45.1002       1.0000     180.0000      15.0334       1.5000       1.5000     270.0000      90.0000
      40.8300      28.7108       1.5000      47.0251       1.0000     180.0000      15.6750       1.5000       1.5000     270.0000      90.0000
      40.8300      28.6870       1.5000      48.9560       1.0000     180.0000      16.3187       1.5000       1.5000     270.0000      90.0000
      40.8300      28.6633       1.5000      50.8923       1.0000     180.0000      16.9641       1.5000       1.5000     270.0000      90.0000
      40.8300      28.6395       1.5000      52.8333       1.0000     180.0000      17.6111       1.5000       1.5000     270.0000      90.0000
      40.8300      28.6157       1.5000      54.7786       1.0000     180.0000      18.2595       1.5000       1.5000     270.0000      90.0000
      40.8300      28.5919       1.5000      56.7277       1.0000     180.0000      18.9092       1.5000       1.5000     270.0000      90.0000
      40.8300      29.4720       3.0000      21.6667       1.0000     180.0000       7.2222       1.5000       1.5000     270.0000      90.0000
      40.8300      29.4482       3.0000      19.9694       1.0000     180.0000       6.6565       1.5000       1.5000     270.0000      90.0000
      40.8300      29.4244       3.0000      18.3333       1.0000     180.0000       6.1111       1.5000       1.5000     270.0000      90.0000
      40.8300      29.4007       3.0000      16.7763       1.0000     180.0000       5.5921       1.5000       1.5000     270.0000      90.0000
      40.8300      29.3769       3.0000      15.3225       1.0000     180.0000       5.1075       1.5000       1.5000     270.0000      90.0000
      40.8300      29.3531       3.0000      14.0040       1.0000     180.0000       4.6680       1.5000       1.5000     270.0000      90.0000
      40.8300      29.3293       3.0000      12.8625       1.0000     180.0000       4.2875       1.5000       1.5000     270.0000      90.0000
      40.8300      29.3055       3.0000      11.9490       1.0000     180.0000       3.9830       1.5000       1.5000     270.0000      90.0000
      40.8300      29.2817       3.0000      11.3186       1.0000     180.0000       3.7729       1.5000       1.5000     270.0000      90.0000
      40.8300      29.2579       3.0000      11.0202     125.0000     180.0000       3.6734       1.5000       1.5000     270.0000      90.0000
      40.8300      29.2341       3.0000      11.0805     125.0000     180.0000       3.6935       1.5000       1.5000     270.0000      90.0000
      40.8300      29.2104       3.0000      11.4940     125.0000     180.0000       3.8313       1.5000       1.5000     270.0000      90.0000
      40.8300      29.1866       3.0000      12.2247     125.0000     180.0000       4.0749       1.5000       1.5000     270.0000      90.0000
      40.8300      29.1628       3.0000      13.2204     125.0000     180.0000       4.4068       1.5000       1.5000     270.0000      90.0000
      40.8300      29.1390       3.0000      14.4261     125.0000     180.0000       4.8087       1.5000       1.5000     270.0000      90.0000
      40.8300      29.1152       3.0000      15.7938     125.0000     180.0000       5.2646       1.5000       1.5000     270.0000      90.0000
      40.8300      29.0914       3.0000      17.2852     125.0000     180.0000       5.7617       1.5000       1.5000     270.0000      90.0000
      40.8300      29.0676       3.0000      18.8709     125.0000     180.0000       6.2903       1.5000       1.5000     270.0000      90.0000
      40.8300      29.0438       3.0000      20.5291     125.0000     180.0000       6.8430       1.5000       1.5000     270.0000      90.0000
      40.8300      29.0201       3.0000      22.2436     125.0000     180.0000       7.4145       1.5000       1.5000     270.0000      90.0000
      40.8300      28.9963       3.0000      24.0023     125.0000     180.0000       8.0008       1.5000       1.5000     270.0000      90.0000
      40.8300      28.9725       3.0000      25.7962     125.0000     180.0000       8.5987       1.5000       1.5000     270.0000      90.0000
      40.8300      28.9487       3.0000      27.6184     125.0000     180.0000       9.2061       1.5000       1.5000     270.0000      90.0000
      40.8300      28.9249       3.0000      29.4637     125.0000     180.0000       9.8212       1.5000       1.5000     270.0000      90.0000
      40.8300      28.9011       3.0000      31.3280     125.0000     180.0000      10.4427       1.5000       1.5000     270.0000      90.0000
      40.8300      28.8773       3.0000      33.2081     125.0000     180.0000      11.0694       1.5000       1.5000     270.0000      90.0000
      40.8300      28.8535       3.0000      35.1014     125.0000     180.0000      11.7005       1.5000       1.5000     270.0000      90.0000
      40.8300      28.8298       3.0000      37.0060     125.0000     180.0000      12.3353       1.5000       1.5000     270.0000      90.0000
      40.8300      28.8060       3.0000      38.9201     125.0000     180.0000      12.9734       1.5000       1.5000     270.0000      90.0000
      40.8300      28.7822       3.0000      40.8425     125.0000     180.0000      13.6142       1.5000       1.5000     270.0000      90.0000
      40.8300      28.7584       3.0000      42.7720       1.0000     180.0000      14.2573       1.5000       1.5000     270.0000      90.0000
      40.8300      28.7346       3.0000      44.7077       1.0000     180.0000      14.9026       1.5000       1.5000     270.0000      90.0000
      40.8300      28.7108       3.0000      46.6488       1.0000     180.0000      15.5496       1.5000       1.5000     270.0000      90.0000
      40.8300      28.6870       3.0000      48.5947       1.0000     180.0000      16.1982       1.5000       1.5000     270.0000      90.0000
      40.8300      28.6633       3.0000      50.5448       1.0000     180.0000      16.8483       1.5000       1.5000     270.0000      90.0000
      40.8300      28.6395       3.0000      52.4987       1.0000     180.0000      17.4996       1.5000       1.5000     270.0000      90.0000
      40.8300      28.6157       3.0000      54.4559       1.0000     180.0000      18.1520       1.5000       1.5000     270.0000      90.0000
      40.8300      28.5919       3.0000      56.4161       1.0000     180.0000      18.8054       1.5000       1.5000     270.0000      90.0000
      40.8300      29.4720       4.5000      20.9450       1.0000     180.0000       6.9817       1.5000       1.5000     270.0000      90.0000
      40.8300      29.4482       4.5000      19.1841       1.0000     180.0000       6.3947       1.5000       1.5000     270.0000      90.0000
      40.8300      29.4244       4.5000      17.4746       1.0000     180.0000       5.8249       1.5000       1.5000     270.0000      90.0000
      40.8300      29.4007       4.5000      15.8333       1.0000     180.0000       5.2778       1.5000       1.5000     270.0000      90.0000
      40.8300      29.3769       4.5000      14.2838       1.0000     180.0000       4.7613       1.5000       1.5000     270.0000      90.0000
      40.8300      29.3531       4.5000      12.8593       1.0000     180.0000       4.2864       1.5000       1.5000     270.0000      90.0000
      40.8300      29.3293       4.5000      11.6058       1.0000     180.0000       3.8686       1.5000       1.5000     270.0000      90.0000
      40.8300      29.3055       4.5000      10.5843       1.0000     180.0000       3.5281       1.5000       1.5000     270.0000      90.0000
      40.8300      29.2817       4.5000       9.8672       1.0000     180.0000       3.2891       1.5000       1.5000     270.0000      90.0000
      40.8300      29.2579       4.5000       9.5234     125.0000     180.0000       3.1745       1.5000       1.5000     270.0000      90.0000
      40.8300      29.2341       4.5000       9.5931     275.0000     180.0000       3.1977       1.5000       1.5000     270.0000      90.0000
      40.8300      29.2104       4.5000      10.0678     275.0000     180.0000       3.3559       1.5000       1.5000     270.0000      90.0000
      40.8300      29.1866       4.5000      10.8947     275.0000     180.0000       3.6316       1.5000       1.5000     270.0000      90.0000
      40.8300      29.1628       4.5000      12.0012     275.0000     180.0000       4.0004       1.5000       1.5000     270.0000      90.0000
      40.8300      29.1390       4.5000      13.3177     275.0000     180.0000       4.4392       1.5000       1.5000     270.0000      90.0000
      40.8300      29.1152       4.5000      14.7883     275.0000     180.0000       4.9294       1.5000       1.5000     270.0000      90.0000
      40.8300      29.0914       4.5000      16.3716     275.0000     180.0000       5.4572       1.5000       1.5000     270.0000      90.0000
      40.8300      29.0676       4.5000      18.0378     275.0000     180.0000       6.0126       1.5000       1.5000     270.0000      90.0000
      40.8300      29.0438       4.5000      19.7660     275.0000     180.0000       6.5887       1.5000       1.5000     270.0000      90.0000
      40.8300      29.0201       4.5000      21.5413     275.0000     180.0000       7.1804       1.5000       1.5000     270.0000      90.0000
      40.8300      28.9963       4.5000      23.3530     275.0000     180.0000       7.7843       1.5000       1.5000     270.0000      90.0000
      40.8300      28.9725       4.5000      25.1931     275.0000     180.0000       8.3977       1.5000       1.5000     270.0000      90.0000
      40.8300      28.9487       4.5000      27.0560     275.0000     180.0000       9.0187       1.5000       1.5000     270.0000      90.0000
      40.8300      28.9249       4.5000      28.9372     275.0000     180.0000       9.6457       1.5000       1.5000     270.0000      90.0000
      40.8300      28.9011       4.5000      30.8333     275.0000     180.0000      10.2778       1.5000       1.5000     270.0000      90.0000
      40.8300      28.8773       4.5000      32.7418     275.0000     180.0000      10.9139       1.5000       1.5000     270.0000      90.0000
      40.8300      28.8535       4.5000      34.6607     275.0000     180.0000      11.5536       1.5000       1.5000     270.0000      90.0000
      40.8300      28.8298       4.5000      36.5882     275.0000     180.0000      12.1961       1.5000       1.5000     270.0000      90.0000
      40.8300      28.8060       4.5000      38.5231     275.0000     180.0000      12.8410       1.5000       1.5000     270.0000      90.0000
      40.8300      28.7822       4.5000      40.4643     125.0000     180.0000      13.4881       1.5000       1.5000     270.0000      90.0000
      40.8300      28.7584       4.5000      42.4110       1.0000     180.0000      14.1370       1.5000       1.5000     270.0000      90.0000
      40.8300      28.7346       4.5000      44.3625       1.0000     180.0000      14.7875       1.5000       1.5000     270.0000      90.0000
      40.8300      28.7108       4.5000      46.3180       1.0000     180.0000      15.4393       1.5000       1.5000     270.0000      90.0000
      40.8300      28.6870       4.5000      48.2773       1.0000     180.0000      16.0924       1.5000       1.5000     270.0000      90.0000
      40.8300      28.6633       4.5000      50.2397       1.0000     180.0000      16.7466       1.5000       1.5000     270.0000      90.0000
      40.8300      28.6395       4.5000      52.2050       1.0000     180.0000      17.4017       1.5000       1.5000     270.0000      90.0000
      40.8300      28.6157       4.5000      54.1728       1.0000     180.0000      18.0576       1.5000       1.5000     270.0000      90.0000
      40.8300      28.5919       4.5000      56.1429       1.0000     180.0000      18.7143       1.5000       1.5000     270.0000      90.0000
      40.8300      29.4720       6.0000      20.3087       1.0000     180.0000       6.7696       1.5000       1.5000     270.0000      90.0000
      40.8300      29.4482       6.0000      18.4872       1.0000     180.0000       6.1624       1.5000       1.5000     270.0000      90.0000
      40.8300      29.4244       6.0000      16.7066       1.0000     180.0000       5.5689       1.5000       1.5000     270.0000      90.0000
      40.8300      29.4007       6.0000      14.9815       1.0000     180.0000       4.9938       1.5000       1.5000     270.0000      90.0000
      40.8300      29.3769       6.0000      13.3333       1.0000     180.0000       4.4444       1.5000       1.5000     270.0000      90.0000
      40.8300      29.3531       6.0000      11.7945       1.0000     180.0000       3.9315       1.5000       1.5000     270.0000      90.0000
      40.8300      29.3293       6.0000      10.4137       1.0000     180.0000       3.4712       1.5000       1.5000     270.0000      90.0000
      40.8300      29.3055       6.0000       9.2616       1.0000     180.0000       3.0872       1.5000       1.5000     270.0000      90.0000
      40.8300      29.2817       6.0000       8.4327       1.0000     180.0000       2.8109       1.5000       1.5000     270.0000      90.0000
      40.8300      29.2579       6.0000       8.0277     125.0000     180.0000       2.6759       1.5000       1.5000     270.0000      90.0000
      40.8300      29.2341       6.0000       8.1103     275.0000     180.0000       2.7034       1.5000       1.5000     270.0000      90.0000
      40.8300      29.2104       6.0000       8.6667     275.0000     180.0000       2.8889       1.5000       1.5000     270.0000      90.0000
      40.8300      29.1866       6.0000       9.6148     275.0000     180.0000       3.2049       1.5000       1.5000     270.0000      90.0000
      40.8300      29.1628       6.0000      10.8525     275.0000     180.0000       3.6175       1.5000       1.5000     270.0000      90.0000
      40.8300      29.1390       6.0000      12.2927     275.0000     180.0000       4.0976       1.5000       1.5000     270.0000      90.0000
      40.8300      29.1152       6.0000      13.8724     275.0000     180.0000       4.6241       1.5000       1.5000     270.0000      90.0000
      40.8300      29.0914       6.0000      15.5492     275.0000     180.0000       5.1831       1.5000       1.5000     270.0000      90.0000
      40.8300      29.0676       6.0000      17.2948     275.0000     180.0000       5.7649       1.5000       1.5000     270.0000      90.0000
      40.8300      29.0438       6.0000      19.0904     275.0000     180.0000       6.3635       1.5000       1.5000     270.0000      90.0000
      40.8300      29.0201       6.0000      20.9231     275.0000     180.0000       6.9744       1.5000       1.5000     270.0000      90.0000
      40.8300      28.9963       6.0000      22.7840     275.0000     180.0000       7.5947       1.5000       1.5000     270.0000      90.0000
      40.8300      28.9725       6.0000      24.6667     275.0000     180.0000       8.2222       1.5000       1.5000     270.0000      90.0000
      40.8300      28.9487       6.0000      26.5665     275.0000     180.0000       8.8555       1.5000       1.5000     270.0000      90.0000
      40.8300      28.9249       6.0000      28.4800     275.0000     180.0000       9.4933       1.5000       1.5000     270.0000      90.0000
      40.8300      28.9011       6.0000      30.4047     275.0000     180.0000      10.1349       1.5000       1.5000     270.0000      90.0000
      40.8300      28.8773       6.0000      32.3385     275.0000     180.0000      10.7795       1.5000       1.5000     270.0000      90.0000
      40.8300      28.8535       6.0000      34.2799     275.0000     180.0000      11.4266       1.5000       1.5000     270.0000      90.0000
      40.8300      28.8298       6.0000      36.2277     275.0000     180.0000      12.0759       1.5000       1.5000     270.0000      90.0000
      40.8300      28.8060       6.0000      38.1809     275.0000     180.0000      12.7270       1.5000       1.5000     270.0000      90.0000
      40.8300      28.7822       6.0000      40.1387     125.0000     180.0000      13.3796       1.5000       1.5000     270.0000      90.0000
      40.8300      28.7584       6.0000      42.1004       1.0000     180.0000      14.0335       1.5000       1.5000     270.0000      90.0000
      40.8300      28.7346       6.0000      44.0656       1.0000     180.0000      14.6885       1.5000       1.5000     270.0000      90.0000
      40.8300      28.7108       6.0000      46.0338       1.0000     180.0000      15.3446       1.5000       1.5000     270.0000      90.0000
      40.8300      28.6870       6.0000      48.0046       1.0000     180.0000      16.0015       1.5000       1.5000     270.0000      90.0000
      40.8300      28.6633       6.0000      49.9778       1.0000     180.0000      16.6593       1.5000       1.5000     270.0000      90.0000
      40.8300      28.6395       6.0000      51.9530       1.0000     180.0000      17.3177       1.5000       1.5000     270.0000      90.0000
      40.8300      28.6157       6.0000      53.9300       1.0000     180.0000      17.9767       1.5000       1.5000     270.0000      90.0000
      40.8300      28.5919       6.0000      55.9086       1.0000     180.0000      18.6362       1.5000       1.5000     270.0000      90.0000
      40.8300      29.4720       7.5000      19.7660       1.0000     180.0000       6.5887       1.5000       1.5000     270.0000      90.0000
      40.8300      29.4482       7.5000      17.8893       1.0000     180.0000       5.9631       1.5000       1.5000     270.0000      90.0000
      40.8300      29.4244       7.5000      16.0425       1.0000     180.0000       5.3475       1.5000       1.5000     270.0000      90.0000
      40.8300      29.4007       7.5000      14.2371       1.0000     180.0000       4.7457       1.5000       1.5000     270.0000      90.0000
      40.8300      29.3769       7.5000      12.4911       1.0000     180.0000       4.1637       1.5000       1.5000     270.0000      90.0000
      40.8300      29.3531       7.5000      10.8333       1.0000     180.0000       3.6111       1.5000       1.5000     270.0000      90.0000
      40.8300      29.3293       7.5000       9.3110       1.0000     180.0000       3.1037       1.5000       1.5000     270.0000      90.0000
      40.8300      29.3055       7.5000       8.0017       1.0000     180.0000       2.6672       1.5000       1.5000     270.0000      90.0000
      40.8300      29.2817       7.5000       7.0257       1.0000     180.0000       2.3419       1.5000       1.5000     270.0000      90.0000
      40.8300      29.2579       7.5000       6.5341     125.0000     180.0000       2.1780       1.5000       1.5000     270.0000      90.0000
      40.8300      29.2341       7.5000       6.6353     275.0000     180.0000       2.2118       1.5000       1.5000     270.0000      90.0000
      40.8300      29.2104       7.5000       7.3049     400.0000     180.0000       2.4350       1.5000       1.5000     270.0000      90.0000
      40.8300      29.1866       7.5000       8.4080     400.0000     180.0000       2.8027       1.5000       1.5000     270.0000      90.0000
      40.8300      29.1628       7.5000       9.7994     400.0000     180.0000       3.2665       1.5000       1.5000     270.0000      90.0000
      40.8300      29.1390       7.5000      11.3737     400.0000     180.0000       3.7912       1.5000       1.5000     270.0000      90.0000
      40.8300      29.1152       7.5000      13.0650     400.0000     180.0000       4.3550       1.5000       1.5000     270.0000      90.0000
      40.8300      29.0914       7.5000      14.8333     400.0000     180.0000       4.9444       1.5000       1.5000     270.0000      90.0000
      40.8300      29.0676       7.5000      16.6542     400.0000     180.0000       5.5514       1.5000       1.5000     270.0000      90.0000
      40.8300      29.0438       7.5000      18.5120     400.0000     180.0000       6.1707       1.5000       1.5000     270.0000      90.0000
      40.8300      29.0201       7.5000      20.3968     400.0000     180.0000       6.7989       1.5000       1.5000     270.0000      90.0000
      40.8300      28.9963       7.5000      22.3016     400.0000     180.0000       7.4339       1.5000       1.5000     270.0000      90.0000
      40.8300      28.9725       7.5000      24.2218     400.0000     180.0000       8.0739       1.5000       1.5000     270.0000      90.0000
      40.8300      28.9487       7.5000      26.1539     400.0000     180.0000       8.7180       1.5000       1.5000     270.0000      90.0000
      40.8300      28.9249       7.5000      28.0956     400.0000     180.0000       9.3652       1.5000       1.5000     270.0000      90.0000
      40.8300      28.9011       7.5000      30.0449     400.0000     180.0000      10.0150       1.5000       1.5000     270.0000      90.0000
      40.8300      28.8773       7.5000      32.0004     400.0000     180.0000      10.6668       1.5000       1.5000     270.0000      90.0000
      40.8300      28.8535       7.5000      33.9612     400.0000     180.0000      11.3204       1.5000       1.5000     270.0000      90.0000
      40.8300      28.8298       7.5000      35.9262     400.0000     180.0000      11.9754       1.5000       1.5000     270.0000      90.0000
      40.8300      28.8060       7.5000      37.8950     275.0000     180.0000      12.6317       1.5000       1.5000     270.0000      90.0000
      40.8300      28.7822       7.5000      39.8668     125.0000     180.0000      13.2889       1.5000       1.5000     270.0000      90.0000
      40.8300      28.7584       7.5000      41.8413       1.0000     180.0000      13.9471       1.5000       1.5000     270.0000      90.0000
      40.8300      28.7346       7.5000      43.8181       1.0000     180.0000      14.6060       1.5000       1.5000     270.0000      90.0000
      40.8300      28.7108       7.5000      45.7970       1.0000     180.0000      15.2657       1.5000       1.5000     270.0000      90.0000
      40.8300      28.6870       7.5000      47.7775       1.0000     180.0000      15.9258       1.5000       1.5000     270.0000      90.0000
      40.8300      28.6633       7.5000      49.7597       1.0000     180.0000      16.5866       1.5000       1.5000     270.0000      90.0000
      40.8300      28.6395       7.5000      51.7432       1.0000     180.0000      17.2477       1.5000       1.5000     270.0000      90.0000
      40.8300      28.6157       7.5000      53.7280       1.0000     180.0000      17.9093       1.5000       1.5000     270.0000      90.0000
      40.8300      28.5919       7.5000      55.7138       1.0000     180.0000      18.5713       1.5000       1.5000     270.0000      90.0000
      40.8300      29.4720       9.0000      19.3247       1.0000     180.0000       6.4416       1.5000       1.5000     270.0000      90.0000
      40.8300      29.4482       9.0000      17.4005       1.0000     180.0000       5.8002       1.5000       1.5000     270.0000      90.0000
      40.8300      29.4244       9.0000      15.4955       1.0000     180.0000       5.1652       1.5000       1.5000     270.0000      90.0000
      40.8300      29.4007       9.0000      13.6178       1.0000     180.0000       4.5393       1.5000       1.5000     270.0000      90.0000
      40.8300      29.3769       9.0000      11.7804       1.0000     180.0000       3.9268       1.5000       1.5000     270.0000      90.0000
      40.8300      29.3531       9.0000      10.0056       1.0000     180.0000       3.3352       1.5000       1.5000     270.0000      90.0000
      40.8300      29.3293       9.0000       8.3333       1.0000     180.0000       2.7778       1.5000       1.5000     270.0000      90.0000
      40.8300      29.3055       9.0000       6.8394       1.0000     180.0000       2.2798       1.5000       1.5000     270.0000      90.0000
      40.8300      29.2817       9.0000       5.6667       1.0000     180.0000       1.8889       1.5000       1.5000     270.0000      90.0000
      40.8300      29.2579       9.0000       5.0442     125.0000     180.0000       1.6814       1.5000       1.5000     270.0000      90.0000
      40.8300      29.2341       9.0000       5.1747     275.0000     180.0000       1.7249       1.5000       1.5000     270.0000      90.0000
      40.8300      29.2104       9.0000       6.0093     400.0000     180.0000       2.0031       1.5000       1.5000     270.0000      90.0000
      40.8300      29.1866       9.0000       7.3106     400.0000     180.0000       2.4369       1.5000       1.5000     270.0000      90.0000
      40.8300      29.1628       9.0000       8.8757     400.0000     180.0000       2.9586       1.5000       1.5000     270.0000      90.0000
      40.8300      29.1390       9.0000      10.5883     400.0000     180.0000       3.5294       1.5000       1.5000     270.0000      90.0000
      40.8300      29.1152       9.0000      12.3873     400.0000     180.0000       4.1291       1.5000       1.5000     270.0000      90.0000
      40.8300      29.0914       9.0000      14.2400     400.0000     180.0000       4.7467       1.5000       1.5000     270.0000      90.0000
      40.8300      29.0676       9.0000      16.1280     400.0000     180.0000       5.3760       1.5000       1.5000     270.0000      90.0000
      40.8300      29.0438       9.0000      18.0401     400.0000     180.0000       6.0134       1.5000       1.5000     270.0000      90.0000
      40.8300      29.0201       9.0000      19.9694     400.0000     180.0000       6.6565       1.5000       1.5000     270.0000      90.0000
      40.8300      28.9963       9.0000      21.9114     400.0000     180.0000       7.3038       1.5000       1.5000     270.0000      90.0000
      40.8300      28.9725       9.0000      23.8630     400.0000     180.0000       7.9543       1.5000       1.5000     270.0000      90.0000
      40.8300      28.9487       9.0000      25.8220     400.0000     180.0000       8.6073       1.5000       1.5000     270.0000      90.0000
      40.8300      28.9249       9.0000      27.7869     400.0000     180.0000       9.2623       1.5000       1.5000     270.0000      90.0000
      40.8300      28.9011       9.0000      29.7564     400.0000     180.0000       9.9188       1.5000       1.5000     270.0000      90.0000
      40.8300      28.8773       9.0000      31.7298     400.0000     180.0000      10.5766       1.5000       1.5000     270.0000      90.0000
      40.8300      28.8535       9.0000      33.7062     400.0000     180.0000      11.2354       1.5000       1.5000     270.0000      90.0000
      40.8300      28.8298       9.0000      35.6854     400.0000     180.0000      11.8951       1.5000       1.5000     270.0000      90.0000
      40.8300      28.8060       9.0000      37.6667     275.0000     180.0000      12.5556       1.5000       1.5000     270.0000      90.0000
      40.8300      28.7822       9.0000      39.6499     125.0000     180.0000      13.2166       1.5000       1.5000     270.0000      90.0000
      40.8300      28.7584       9.0000      41.6347       1.0000     180.0000      13.8782       1.5000       1.5000     270.0000      90.0000
      40.8300      28.7346       9.0000      43.6208       1.0000     180.0000      14.5403       1.5000       1.5000     270.0000      90.0000
      40.8300      28.7108       9.0000      45.6082       1.0000     180.0000      15.2027       1.5000       1.5000     270.0000      90.0000
      40.8300      28.6870       9.0000      47.5967       1.0000     180.0000      15.8656       1.5000       1.5000     270.0000      90.0000
      40.8300      28.6633       9.0000      49.5861       1.0000     180.0000      16.5287       1.5000       1.5000     270.0000      90.0000
      40.8300      28.6395       9.0000      51.5763       1.0000     180.0000      17.1921       1.5000       1.5000     270.0000      90.0000
      40.8300      28.6157       9.0000      53.5672       1.0000     180.0000      17.8557       1.5000       1.5000     270.0000      90.0000
      40.8300      28.5919       9.0000      55.5588       1.0000     180.0000      18.5196       1.5000       1.5000     270.0000      90.0000
      40.8300      29.4720      10.5000      18.9920       1.0000     180.0000       6.3307       1.5000       1.5000     270.0000      90.0000
      40.8300      29.4482      10.5000      17.0302       1.0000     180.0000       5.6767       1.5000       1.5000     270.0000      90.0000
      40.8300      29.4244      10.5000      15.0785       1.0000     180.0000       5.0262       1.5000       1.5000     270.0000      90.0000
      40.8300      29.4007      10.5000      13.1413       1.0000     180.0000       4.3804       1.5000       1.5000     270.0000      90.0000
      40.8300      29.3769      10.5000      11.2262       1.0000     180.0000       3.7421       1.5000       1.5000     270.0000      90.0000
      40.8300      29.3531      10.5000       9.3467       1.0000     180.0000       3.1156       1.5000       1.5000     270.0000      90.0000
      40.8300      29.3293      10.5000       7.5296       1.0000     180.0000       2.5099       1.5000       1.5000     270.0000      90.0000
      40.8300      29.3055      10.5000       5.8333       1.0000     180.0000       1.9444       1.5000       1.5000     270.0000      90.0000
      40.8300      29.2817      10.5000       4.4001       1.0000     180.0000       1.4667       1.5000       1.5000     270.0000      90.0000
      40.8300      29.2579      10.5000       3.5629     125.0000     180.0000       1.1876       1.5000       1.5000     270.0000      90.0000
      40.8300      29.2341      10.5000       3.7454     275.0000     180.0000       1.2485       1.5000       1.5000     270.0000      90.0000
      40.8300      29.2104      10.5000       4.8333     275.0000     180.0000       1.6111       1.5000       1.5000     270.0000      90.0000
      40.8300      29.1866      10.5000       6.3792     275.0000     180.0000       2.1264       1.5000       1.5000     270.0000      90.0000
      40.8300      29.1628      10.5000       8.1257     275.0000     180.0000       2.7086       1.5000       1.5000     270.0000      90.0000
      40.8300      29.1390      10.5000       9.9680     275.0000     180.0000       3.3227       1.5000       1.5000     270.0000      90.0000
      40.8300      29.1152      10.5000      11.8615     275.0000     180.0000       3.9538       1.5000       1.5000     270.0000      90.0000
      40.8300      29.0914      10.5000      13.7851     275.0000     180.0000       4.5950       1.5000       1.5000     270.0000      90.0000
      40.8300      29.0676      10.5000      15.7277     275.0000     180.0000       5.2426       1.5000       1.5000     270.0000      90.0000
      40.8300      29.0438      10.5000      17.6832     275.0000     180.0000       5.8944       1.5000       1.5000     270.0000      90.0000
      40.8300      29.0201      10.5000      19.6476     275.0000     180.0000       6.5492       1.5000       1.5000     270.0000      90.0000
      40.8300      28.9963      10.5000      21.6185     275.0000     180.0000       7.2062       1.5000       1.5000     270.0000      90.0000
      40.8300      28.9725      10.5000      23.5944     275.0000     180.0000       7.8648       1.5000       1.5000     270.0000      90.0000
      40.8300      28.9487      10.5000      25.5740     275.0000     180.0000       8.5247       1.5000       1.5000     270.0000      90.0000
      40.8300      28.9249      10.5000      27.5565     275.0000     180.0000       9.1855       1.5000       1.5000     270.0000      90.0000
      40.8300      28.9011      10.5000      29.5414     275.0000     180.0000       9.8471       1.5000       1.5000     270.0000      90.0000
      40.8300      28.8773      10.5000      31.5282     275.0000     180.0000      10.5094       1.5000       1.5000     270.0000      90.0000
      40.8300      28.8535      10.5000      33.5166     275.0000     180.0000      11.1722       1.5000       1.5000     270.0000      90.0000
      40.8300      28.8298      10.5000      35.5063     275.0000     180.0000      11.8354       1.5000       1.5000     270.0000      90.0000
      40.8300      28.8060      10.5000      37.4970     275.0000     180.0000      12.4990       1.5000       1.5000     270.0000      90.0000
      40.8300      28.7822      10.5000      39.4888     125.0000     180.0000      13.1629       1.5000       1.5000     270.0000      90.0000
      40.8300      28.7584      10.5000      41.4813       1.0000     180.0000      13.8271       1.5000       1.5000     270.0000      90.0000
      40.8300      28.7346      10.5000      43.4744       1.0000     180.0000      14.4915       1.5000       1.5000     270.0000      90.0000
      40.8300      28.7108      10.5000      45.4682       1.0000     180.0000      15.1561       1.5000       1.5000     270.0000      90.0000
      40.8300      28.6870      10.5000      47.4626       1.0000     180.0000      15.8209       1.5000       1.5000     270.0000      90.0000
      40.8300      28.6633      10.5000      49.4573       1.0000     180.0000      16.4858       1.5000       1.5000     270.0000      90.0000
      40.8300      28.6395      10.5000      51.4525       1.0000     180.0000      17.1508       1.5000       1.5000     270.0000      90.0000
      40.8300      28.6157      10.5000      53.4480       1.0000     180.0000      17.8160       1.5000       1.5000     270.0000      90.0000
      40.8300      28.5919      10.5000      55.4439       1.0000     180.0000      18.4813       1.5000       1.5000     270.0000      90.0000
      40.8300      29.4720      12.0000      18.7735       1.0000     180.0000       6.2578       1.5000       1.5000     270.0000      90.0000
      40.8300      29.4482      12.0000      16.7862       1.0000     180.0000       5.5954       1.5000       1.5000     270.0000      90.0000
      40.8300      29.4244      12.0000      14.8024       1.0000     180.0000       4.9341       1.5000       1.5000     270.0000      90.0000
      40.8300      29.4007      12.0000      12.8236       1.0000     180.0000       4.2745       1.5000       1.5000     270.0000      90.0000
      40.8300      29.3769      12.0000      10.8525       1.0000     180.0000       3.6175       1.5000       1.5000     270.0000      90.0000
      40.8300      29.3531      12.0000       8.8944       1.0000     180.0000       2.9648       1.5000       1.5000     270.0000      90.0000
      40.8300      29.3293      12.0000       6.9602       1.0000     180.0000       2.3201       1.5000       1.5000     270.0000      90.0000
      40.8300      29.3055      12.0000       5.0772       1.0000     180.0000       1.6924       1.5000       1.5000     270.0000      90.0000
      40.8300      29.2817      12.0000       3.3333       1.0000     180.0000       1.1111       1.5000       1.5000     270.0000      90.0000
      40.8300      29.2579      12.0000       2.1082     125.0000     180.0000       0.7027       1.5000       1.5000     270.0000      90.0000
      40.8300      29.2341      12.0000       2.4037     275.0000     180.0000       0.8012       1.5000       1.5000     270.0000      90.0000
      40.8300      29.2104      12.0000       3.8873     275.0000     180.0000       1.2958       1.5000       1.5000     270.0000      90.0000
      40.8300      29.1866      12.0000       5.6960     275.0000     180.0000       1.8987       1.5000       1.5000     270.0000      90.0000
      40.8300      29.1628      12.0000       7.6012     275.0000     180.0000       2.5337       1.5000       1.5000     270.0000      90.0000
      40.8300      29.1390      12.0000       9.5452     275.0000     180.0000       3.1817       1.5000       1.5000     270.0000      90.0000
      40.8300      29.1152      12.0000      11.5085     275.0000     180.0000       3.8362       1.5000       1.5000     270.0000      90.0000
      40.8300      29.0914      12.0000      13.4825     275.0000     180.0000       4.4942       1.5000       1.5000     270.0000      90.0000
      40.8300      29.0676      12.0000      15.4632     275.0000     180.0000       5.1544       1.5000       1.5000     270.0000      90.0000
      40.8300      29.0438      12.0000      17.4483     275.0000     180.0000       5.8161       1.5000       1.5000     270.0000      90.0000
      40.8300      29.0201      12.0000      19.4365     275.0000     180.0000       6.4788       1.5000       1.5000     270.0000      90.0000
      40.8300      28.9963      12.0000      21.4269     275.0000     180.0000       7.1423       1.5000       1.5000     270.0000      90.0000
      40.8300      28.9725      12.0000      23.4189     275.0000     180.0000       7.8063       1.5000       1.5000     270.0000      90.0000
      40.8300      28.9487      12.0000      25.4122     275.0000     180.0000       8.4707       1.5000       1.5000     270.0000      90.0000
      40.8300      28.9249      12.0000      27.4064     275.0000     180.0000       9.1355       1.5000       1.5000     270.0000      90.0000
      40.8300      28.9011      12.0000      29.4014     275.0000     180.0000       9.8005       1.5000       1.5000     270.0000      90.0000
      40.8300      28.8773      12.0000      31.3971     275.0000     180.0000      10.4657       1.5000       1.5000     270.0000      90.0000
      40.8300      28.8535      12.0000      33.3933     275.0000     180.0000      11.1311       1.5000       1.5000     270.0000      90.0000
      40.8300      28.8298      12.0000      35.3899     275.0000     180.0000      11.7966       1.5000       1.5000     270.0000      90.0000
      40.8300      28.8060      12.0000      37.3869     275.0000     180.0000      12.4623       1.5000       1.5000     270.0000      90.0000
      40.8300      28.7822      12.0000      39.3842     125.0000     180.0000      13.1281       1.5000       1.5000     270.0000      90.0000
      40.8300      28.7584      12.0000      41.3817       1.0000     180.0000      13.7939       1.5000       1.5000     270.0000      90.0000
      40.8300      28.7346      12.0000      43.3795       1.0000     180.0000      14.4598       1.5000       1.5000     270.0000      90.0000
      40.8300      28.7108      12.0000      45.3774       1.0000     180.0000      15.1258       1.5000       1.5000     270.0000      90.0000
      40.8300      28.6870      12.0000      47.3756       1.0000     180.0000      15.7919       1.5000       1.5000     270.0000      90.0000
      40.8300      28.6633      12.0000      49.3739       1.0000     180.0000      16.4580       1.5000       1.5000     270.0000      90.0000
      40.8300      28.6395      12.0000      51.3723       1.0000     180.0000      17.1241       1.5000       1.5000     270.0000      90.0000
      40.8300      28.6157      12.0000      53.3708       1.0000     180.0000      17.7903       1.5000       1.5000     270.0000      90.0000
      40.8300      28.5919      12.0000      55.3695       1.0000     180.0000      18.4565       1.5000       1.5000     270.0000      90.0000
      40.8300      29.4720      13.5000      18.6734       1.0000     180.0000       6.2245       1.5000       1.5000     270.0000      90.0000
      40.8300      29.4482      13.5000      16.6742       1.0000     180.0000       5.5581       1.5000       1.5000     270.0000      90.0000
      40.8300      29.4244      13.5000      14.6752       1.0000     180.0000       4.8917       1.5000       1.5000     270.0000      90.0000
      40.8300      29.4007      13.5000      12.6765       1.0000     180.0000       4.2255       1.5000       1.5000     270.0000      90.0000
      40.8300      29.3769      13.5000      10.6784       1.0000     180.0000       3.5595       1.5000       1.5000     270.0000      90.0000
      40.8300      29.3531      13.5000       8.6811       1.0000     180.0000       2.8937       1.5000       1.5000     270.0000      90.0000
      40.8300      29.3293      13.5000       6.6854       1.0000     180.0000       2.2285       1.5000       1.5000     270.0000      90.0000
      40.8300      29.3055      13.5000       4.6934       1.0000     180.0000       1.5645       1.5000       1.5000     270.0000      90.0000
      40.8300      29.2817      13.5000       2.7131       1.0000     180.0000       0.9044       1.5000       1.5000     270.0000      90.0000
      40.8300      29.2579      13.5000       0.8333     125.0000     180.0000       0.2778       1.5000       1.5000     270.0000      90.0000
      40.8300      29.2341      13.5000       1.4240     125.0000     180.0000       0.4747       1.5000       1.5000     270.0000      90.0000
      40.8300      29.2104      13.5000       3.3706     125.0000     180.0000       1.1235       1.5000       1.5000     270.0000      90.0000
      40.8300      29.1866      13.5000       5.3567     125.0000     180.0000       1.7856       1.5000       1.5000     270.0000      90.0000
      40.8300      29.1628      13.5000       7.3504     125.0000     180.0000       2.4501       1.5000       1.5000     270.0000      90.0000
      40.8300      29.1390      13.5000       9.3467     125.0000     180.0000       3.1156       1.5000       1.5000     270.0000      90.0000
      40.8300      29.1152      13.5000      11.3444     125.0000     180.0000       3.7815       1.5000       1.5000     270.0000      90.0000
      40.8300      29.0914      13.5000      13.3427     125.0000     180.0000       4.4476       1.5000       1.5000     270.0000      90.0000
      40.8300      29.0676      13.5000      15.3415     125.0000     180.0000       5.1138       1.5000       1.5000     270.0000      90.0000
      40.8300      29.0438      13.5000      17.3405     125.0000     180.0000       5.7802       1.5000       1.5000     270.0000      90.0000
      40.8300      29.0201      13.5000      19.3398     125.0000     180.0000       6.4466       1.5000       1.5000     270.0000      90.0000
      40.8300      28.9963      13.5000      21.3392     125.0000     180.0000       7.1131       1.5000       1.5000     270.0000      90.0000
      40.8300      28.9725      13.5000      23.3387     125.0000     180.0000       7.7796       1.5000       1.5000     270.0000      90.0000
      40.8300      28.9487      13.5000      25.3383     125.0000     180.0000       8.4461       1.5000       1.5000     270.0000      90.0000
      40.8300      28.9249      13.5000      27.3379     125.0000     180.0000       9.1126       1.5000       1.5000     270.0000      90.0000
      40.8300      28.9011      13.5000      29.3376     125.0000     180.0000       9.7792       1.5000       1.5000     270.0000      90.0000
      40.8300      28.8773      13.5000      31.3373     125.0000     180.0000      10.4458       1.5000       1.5000     270.0000      90.0000
      40.8300      28.8535      13.5000      33.3371     125.0000     180.0000      11.1124       1.5000       1.5000     270.0000      90.0000
      40.8300      28.8298      13.5000      35.3369     125.0000     180.0000      11.7790       1.5000       1.5000     270.0000      90.0000
      40.8300      28.8060      13.5000      37.3367     125.0000     180.0000      12.4456       1.5000       1.5000     270.0000      90.0000
      40.8300      28.7822      13.5000      39.3365     125.0000     180.0000      13.1122       1.5000       1.5000     270.0000      90.0000
      40.8300      28.7584      13.5000      41.3364       1.0000     180.0000      13.7788       1.5000       1.5000     270.0000      90.0000
      40.8300      28.7346      13.5000      43.3362       1.0000     180.0000      14.4454       1.5000       1.5000     270.0000      90.0000
      40.8300      28.7108      13.5000      45.3361       1.0000     180.0000      15.1120       1.5000       1.5000     270.0000      90.0000
      40.8300      28.6870      13.5000      47.3360       1.0000     180.0000      15.7787       1.5000       1.5000     270.0000      90.0000
      40.8300      28.6633      13.5000      49.3359       1.0000     180.0000      16.4453       1.5000       1.5000     270.0000      90.0000
      40.8300      28.6395      13.5000      51.3358       1.0000     180.0000      17.1119       1.5000       1.5000     270.0000      90.0000
      40.8300      28.6157      13.5000      53.3357       1.0000     180.0000      17.7786       1.5000       1.5000     270.0000      90.0000
      40.8300      28.5919      13.5000      55.3356       1.0000     180.0000      18.4452       1.5000       1.5000     270.0000      90.0000
      40.8300      29.4720      15.0000      18.6934       1.0000     180.0000       6.2311       1.5000       1.5000     270.0000      90.0000
      40.8300      29.4482      15.0000      16.6966       1.0000     180.0000       5.5655       1.5000       1.5000     270.0000      90.0000
      40.8300      29.4244      15.0000      14.7007       1.0000     180.0000       4.9002       1.5000       1.5000     270.0000      90.0000
      40.8300      29.4007      15.0000      12.7061       1.0000     180.0000       4.2354       1.5000       1.5000     270.0000      90.0000
      40.8300      29.3769      15.0000      10.7134       1.0000     180.0000       3.5711       1.5000       1.5000     270.0000      90.0000
      40.8300      29.3531      15.0000       8.7242       1.0000     180.0000       2.9081       1.5000       1.5000     270.0000      90.0000
      40.8300      29.3293      15.0000       6.7413       1.0000     180.0000       2.2471       1.5000       1.5000     270.0000      90.0000
      40.8300      29.3055      15.0000       4.7726       1.0000     180.0000       1.5909       1.5000       1.5000     270.0000      90.0000
      40.8300      29.2817      15.0000       2.8480       1.0000     180.0000       0.9493       1.5000       1.5000     270.0000      90.0000
      40.8300      29.2579      15.0000       1.2019       1.0000     180.0000       0.4006       1.5000       1.5000     270.0000      90.0000
      40.8300      29.2341      15.0000       1.6667       1.0000     180.0000       0.5556       1.5000       1.5000     270.0000      90.0000
      40.8300      29.2104      15.0000       3.4801       1.0000     180.0000       1.1600       1.5000       1.5000     270.0000      90.0000
      40.8300      29.1866      15.0000       5.4263       1.0000     180.0000       1.8088       1.5000       1.5000     270.0000      90.0000
      40.8300      29.1628      15.0000       7.4012       1.0000     180.0000       2.4671       1.5000       1.5000     270.0000      90.0000
      40.8300      29.1390      15.0000       9.3868       1.0000     180.0000       3.1289       1.5000       1.5000     270.0000      90.0000
      40.8300      29.1152      15.0000      11.3774       1.0000     180.0000       3.7925       1.5000       1.5000     270.0000      90.0000
      40.8300      29.0914      15.0000      13.3708       1.0000     180.0000       4.4569       1.5000       1.5000     270.0000      90.0000
      40.8300      29.0676      15.0000      15.3659       1.0000     180.0000       5.1220       1.5000       1.5000     270.0000      90.0000
      40.8300      29.0438      15.0000      17.3622       1.0000     180.0000       5.7874       1.5000       1.5000     270.0000      90.0000
      40.8300      29.0201      15.0000      19.3592       1.0000     180.0000       6.4531       1.5000       1.5000     270.0000      90.0000
      40.8300      28.9963      15.0000      21.3568       1.0000     180.0000       7.1189       1.5000       1.5000     270.0000      90.0000
      40.8300      28.9725      15.0000      23.3548       1.0000     180.0000       7.7849       1.5000       1.5000     270.0000      90.0000
      40.8300      28.9487      15.0000      25.3531       1.0000     180.0000       8.4510       1.5000       1.5000     270.0000      90.0000
      40.8300      28.9249      15.0000      27.3516       1.0000     180.0000       9.1172       1.5000       1.5000     270.0000      90.0000
      40.8300      28.9011      15.0000      29.3504       1.0000     180.0000       9.7835       1.5000       1.5000     270.0000      90.0000
      40.8300      28.8773      15.0000      31.3493       1.0000     180.0000      10.4498       1.5000       1.5000     270.0000      90.0000
      40.8300      28.8535      15.0000      33.3483       1.0000     180.0000      11.1161       1.5000       1.5000     270.0000      90.0000
      40.8300      28.8298      15.0000      35.3475       1.0000     180.0000      11.7825       1.5000       1.5000     270.0000      90.0000
      40.8300      28.8060      15.0000      37.3467       1.0000     180.0000      12.4489       1.5000       1.5000     270.0000      90.0000
      40.8300      28.7822      15.0000      39.3460       1.0000     180.0000      13.1153       1.5000       1.5000     270.0000      90.0000
      40.8300      28.7584      15.0000      41.3454       1.0000     180.0000      13.7818       1.5000       1.5000     270.0000      90.0000
      40.8300      28.7346      15.0000      43.3449       1.0000     180.0000      14.4483       1.5000       1.5000     270.0000      90.0000
      40.8300      28.7108      15.0000      45.3444       1.0000     180.0000      15.1148       1.5000       1.5000     270.0000      90.0000
      40.8300      28.6870      15.0000      47.3439       1.0000     180.0000      15.7813       1.5000       1.5000     270.0000      90.0000
      40.8300      28.6633      15.0000      49.3435       1.0000     180.0000      16.4478       1.5000       1.5000     270.0000      90.0000
      40.8300      28.6395      15.0000      51.3431       1.0000     180.0000      17.1144       1.5000       1.5000     270.0000      90.0000
      40.8300      28.6157      15.0000      53.3427       1.0000     180.0000      17.7809       1.5000       1.5000     270.0000      90.0000
      40.8300      28.5919      15.0000      55.3424       1.0000     180.0000      18.4475       1.5000       1.5000     270.0000      90.0000
